/* ex: set ro ft=c: -*- buffer-read-only: t -*-
   !!!!!!!   DO NOT EDIT THIS FILE   !!!!!!!
   This file is built by regen_perly.pl from perly.y.
   Any changes made here will be lost!
 */

#define YYFINAL  14
/* YYLAST -- Last index in YYTABLE.  */
#define YYLAST   3195

/* YYNTOKENS -- Number of terminals.  */
#define YYNTOKENS  106
/* YYNNTS -- Number of nonterminals.  */
#define YYNNTS  85
/* YYNRULES -- Number of rules.  */
#define YYNRULES  269
/* YYNSTATES -- Number of states.  */
#define YYNSTATES  553

/* YYTRANSLATE[YYX] -- Symbol number corresponding to YYX as returned
   by yylex, with out-of-bounds checking.  */
#define YYUNDEFTOK  2
#define YYMAXUTOK   338

#define YYTRANSLATE(YYX)                                                \
  ((unsigned int) (YYX) <= YYMAXUTOK ? yytranslate[YYX] : YYUNDEFTOK)

/* YYTRANSLATE[TOKEN-NUM] -- Symbol number corresponding to TOKEN-NUM
   as returned by yylex, without out-of-bounds checking.  */
static const yytype_uint8 yytranslate[] =
{
       0,     2,     2,     2,     2,     2,     2,     2,     2,     2,
       2,     2,     2,     2,     2,     2,     2,     2,     2,     2,
       2,     2,     2,     2,     2,     2,     2,     2,     2,     2,
       2,     2,     2,    88,     2,     2,   103,    16,    17,     2,
     101,   100,   104,    14,    77,    13,    19,   105,     2,     2,
       2,     2,     2,     2,     2,     2,     2,     2,    80,   102,
       2,    18,     2,    79,    15,     2,     2,     2,     2,     2,
       2,     2,     2,     2,     2,     2,     2,     2,     2,     2,
       2,     2,     2,     2,     2,     2,     2,     2,     2,     2,
       2,    11,     2,    12,     2,     2,     2,     2,     2,     2,
       2,     2,     2,     2,     2,     2,     2,     2,     2,     2,
       2,     2,     2,     2,     2,     2,     2,     2,     2,     2,
       2,     2,     2,     9,     2,    10,    89,     2,     2,     2,
       2,     2,     2,     2,     2,     2,     2,     2,     2,     2,
       2,     2,     2,     2,     2,     2,     2,     2,     2,     2,
       2,     2,     2,     2,     2,     2,     2,     2,     2,     2,
       2,     2,     2,     2,     2,     2,     2,     2,     2,     2,
       2,     2,     2,     2,     2,     2,     2,     2,     2,     2,
       2,     2,     2,     2,     2,     2,     2,     2,     2,     2,
       2,     2,     2,     2,     2,     2,     2,     2,     2,     2,
       2,     2,     2,     2,     2,     2,     2,     2,     2,     2,
       2,     2,     2,     2,     2,     2,     2,     2,     2,     2,
       2,     2,     2,     2,     2,     2,     2,     2,     2,     2,
       2,     2,     2,     2,     2,     2,     2,     2,     2,     2,
       2,     2,     2,     2,     2,     2,     2,     2,     2,     2,
       2,     2,     2,     2,     2,     2,     1,     2,     3,     4,
       5,     6,     7,     8,    20,    21,    22,    23,    24,    25,
      26,    27,    28,    29,    30,    31,    32,    33,    34,    35,
      36,    37,    38,    39,    40,    41,    42,    43,    44,    45,
      46,    47,    48,    49,    50,    51,    52,    53,    54,    55,
      56,    57,    58,    59,    60,    61,    62,    63,    64,    65,
      66,    67,    68,    69,    70,    71,    72,    73,    74,    75,
      76,    78,    81,    82,    83,    84,    85,    86,    87,    90,
      91,    92,    93,    94,    95,    96,    97,    98,    99
};

#if YYDEBUG
  /* YYRLINE[YYN] -- Source line where rule number YYN was defined.  */
static const yytype_uint16 yyrline[] =
{
       0,   117,   117,   116,   127,   126,   136,   135,   148,   147,
     160,   159,   172,   171,   183,   191,   199,   203,   211,   217,
     218,   228,   229,   238,   242,   246,   250,   257,   259,   269,
     268,   301,   300,   342,   350,   349,   358,   364,   370,   381,
     383,   385,   392,   400,   402,   399,   420,   419,   427,   426,
     435,   434,   444,   452,   459,   458,   466,   473,   472,   487,
     491,   499,   517,   518,   523,   525,   527,   529,   531,   533,
     535,   538,   544,   545,   550,   561,   562,   568,   574,   575,
     580,   583,   587,   592,   596,   600,   601,   605,   611,   616,
     621,   622,   627,   628,   633,   634,   636,   641,   643,   649,
     648,   667,   668,   672,   674,   676,   678,   682,   684,   689,
     693,   697,   701,   707,   712,   718,   724,   726,   729,   728,
     739,   740,   744,   748,   751,   756,   761,   764,   768,   772,
     775,   780,   784,   787,   789,   791,   796,   798,   800,   805,
     807,   809,   811,   813,   815,   817,   819,   821,   823,   825,
     830,   832,   835,   837,   839,   842,   845,   856,   859,   862,
     869,   871,   873,   875,   877,   880,   899,   901,   905,   906,
     907,   908,   909,   911,   913,   915,   917,   919,   921,   923,
     925,   927,   929,   931,   933,   935,   937,   947,   957,   967,
     977,   979,   981,   984,   989,   993,   995,   997,   999,  1002,
    1004,  1007,  1009,  1011,  1013,  1015,  1017,  1019,  1021,  1023,
    1026,  1028,  1030,  1032,  1034,  1036,  1040,  1043,  1042,  1055,
    1056,  1057,  1062,  1066,  1068,  1070,  1072,  1079,  1088,  1090,
    1093,  1095,  1097,  1099,  1104,  1106,  1111,  1112,  1117,  1118,
    1122,  1125,  1124,  1132,  1136,  1137,  1138,  1141,  1142,  1145,
    1146,  1149,  1153,  1157,  1163,  1191,  1204,  1210,  1212,  1216,
    1220,  1221,  1225,  1226,  1230,  1231,  1236,  1238,  1240,  1243
};
#endif

#if YYDEBUG || YYERROR_VERBOSE || 0
/* YYTNAME[SYMBOL-NUM] -- String name of the symbol SYMBOL-NUM.
   First, the terminals, then, starting at YYNTOKENS, nonterminals.  */
static const char *const yytname[] =
{
  "$end", "error", "$undefined", "GRAMPROG", "GRAMEXPR", "GRAMBLOCK",
  "GRAMBARESTMT", "GRAMFULLSTMT", "GRAMSTMTSEQ", "'{'", "'}'", "'['",
  "']'", "'-'", "'+'", "'@'", "'%'", "'&'", "'='", "'.'", "BAREWORD",
  "METHOD", "FUNCMETH", "THING", "PMFUNC", "PRIVATEREF", "QWLIST",
  "FUNC0OP", "FUNC0SUB", "UNIOPSUB", "LSTOPSUB", "PLUGEXPR", "PLUGSTMT",
  "LABEL", "FORMAT", "SUB", "ANONSUB", "PACKAGE", "USE", "WHILE", "UNTIL",
  "IF", "UNLESS", "ELSE", "ELSIF", "CONTINUE", "FOR", "GIVEN", "WHEN",
  "DEFAULT", "LOOPEX", "DOTDOT", "YADAYADA", "FUNC0", "FUNC1", "FUNC",
  "UNIOP", "LSTOP", "RELOP", "EQOP", "MULOP", "ADDOP", "DOLSHARP", "DO",
  "HASHBRACK", "NOAMP", "LOCAL", "MY", "REQUIRE", "COLONATTR",
  "FORMLBRACK", "FORMRBRACK", "PREC_LOW", "OROP", "DOROP", "ANDOP",
  "NOTOP", "','", "ASSIGNOP", "'?'", "':'", "OROR", "DORDOR", "ANDAND",
  "BITOROP", "BITANDOP", "SHIFTOP", "MATCHOP", "'!'", "'~'", "UMINUS",
  "REFGEN", "POWOP", "POWCOP", "PREINC", "PREDEC", "POSTINC", "POSTDEC",
  "POSTJOIN", "ARROW", "')'", "'('", "';'", "'$'", "'*'", "'/'", "$accept",
  "grammar", "$@1", "$@2", "$@3", "$@4", "$@5", "$@6", "block",
  "formblock", "remember", "mblock", "mremember", "stmtseq", "formstmtseq",
  "fullstmt", "labfullstmt", "barestmt", "$@7", "$@8", "$@9", "$@10",
  "$@11", "$@12", "$@13", "@14", "$@15", "$@16", "formline", "formarg",
  "sideff", "else", "cont", "mintro", "nexpr", "texpr", "iexpr", "mexpr",
  "mnexpr", "formname", "startsub", "startanonsub", "startformsub",
  "subname", "proto", "subattrlist", "myattrlist", "subsignature", "@17",
  "optsubbody", "expr", "listexpr", "listop", "@18", "method",
  "subscripted", "termbinop", "termunop", "anonymous", "termdo", "term",
  "@19", "myattrterm", "myterm", "optlistexpr", "optexpr", "optrepl",
  "lpar_or_qw", "$@20", "my_scalar", "my_var", "refgen_topic", "my_refgen",
  "amper", "scalar", "ary", "sizearydecl", "computedsizearydecl", "hsh",
  "arylen", "star", "sliceme", "kvslice", "gelem", "indirob", YY_NULLPTR
};
#endif

# ifdef YYPRINT
/* YYTOKNUM[NUM] -- (External) token number corresponding to the
   (internal) symbol number NUM (which must be that of a token).  */
static const yytype_uint16 yytoknum[] =
{
       0,   256,   257,   258,   259,   260,   261,   262,   263,   123,
     125,    91,    93,    45,    43,    64,    37,    38,    61,    46,
     264,   265,   266,   267,   268,   269,   270,   271,   272,   273,
     274,   275,   276,   277,   278,   279,   280,   281,   282,   283,
     284,   285,   286,   287,   288,   289,   290,   291,   292,   293,
     294,   295,   296,   297,   298,   299,   300,   301,   302,   303,
     304,   305,   306,   307,   308,   309,   310,   311,   312,   313,
     314,   315,   316,   317,   318,   319,   320,    44,   321,    63,
      58,   322,   323,   324,   325,   326,   327,   328,    33,   126,
     329,   330,   331,   332,   333,   334,   335,   336,   337,   338,
      41,    40,    59,    36,    42,    47
};
# endif

#define YYPACT_NINF -454

#define yypact_value_is_default(Yystate) \
  (!!((Yystate) == (-454)))

#define YYTABLE_NINF -265

#define yytable_value_is_error(Yytable_value) \
  (!!((Yytable_value) == (-265)))

  /* YYPACT[STATE-NUM] -- Index in YYTABLE of the portion describing
     STATE-NUM.  */
static const yytype_int16 yypact[] =
{
     866,  -454,  -454,  -454,  -454,  -454,  -454,    70,  -454,  2877,
      78,  1555,  1459,  -454,  -454,  -454,  2031,  2877,  2877,    51,
      51,    51,  -454,    51,    51,  -454,  -454,    90,    18,  -454,
    2877,  -454,  -454,  -454,  2877,  -454,    34,    35,    49,  1937,
    1841,    51,  1937,  2125,   191,  2877,    27,  2877,  2877,  2877,
    2877,  2877,  2877,  2877,  2219,    51,    51,   175,    43,  -454,
      13,  -454,  -454,  -454,  -454,  3053,  -454,  -454,    59,   215,
     225,   246,  -454,   144,   253,   281,   155,  -454,  -454,  -454,
    -454,  -454,   191,   185,  -454,    85,    97,   114,   128,   262,
     132,   141,    78,  -454,   209,  -454,   156,  2029,  1459,  -454,
    -454,  -454,   691,   787,  -454,    84,   864,   864,  -454,  -454,
    -454,  -454,  -454,  -454,  -454,  2877,   162,   180,  2877,   182,
     327,    78,    26,  3053,   187,  2313,  1841,  -454,   327,   588,
      43,  -454,   499,  2877,  -454,  -454,   327,   283,    -7,  -454,
    -454,  2877,   327,    52,  2971,  2407,   226,  -454,  -454,  -454,
       5,  -454,   327,    43,   864,   864,   864,   524,   524,   285,
     354,  -454,  -454,  2877,  2877,  2877,  2877,  2877,  2877,  2501,
    2877,  2877,  2877,  2877,  2877,  2877,  2877,  2877,  2877,  2877,
    2877,  2877,  2877,  2877,  2877,  -454,  -454,  -454,  -454,    48,
    2595,  2877,  2877,  2877,  2877,  2877,  2877,  2877,  -454,   286,
    -454,   298,  -454,  -454,  -454,  -454,  -454,   210,    23,  -454,
     279,  -454,    -1,  -454,  -454,  -454,    78,  -454,  -454,  2877,
    2877,  2877,  2877,  2877,  2877,  -454,  -454,  -454,  -454,  -454,
    2877,  2877,   126,  -454,  -454,  -454,   224,   259,  -454,  -454,
     361,   232,  2877,    43,  -454,   325,  -454,   330,    53,  2689,
     864,   226,    22,   166,   214,  -454,   418,   315,  -454,   242,
     268,  2877,   339,   280,   280,  -454,  3053,   110,   129,  -454,
     451,  1638,  1922,   436,   769,   676,  3053,  3010,   558,   558,
    1730,  1826,   456,   381,   864,   864,  2877,  2877,   250,   254,
     257,  -454,   260,  2783,    28,   263,   256,  -454,  -454,   489,
     135,   157,   178,   170,   299,   229,   343,   883,  -454,   350,
     277,     1,   355,  2877,  2877,  2877,  2877,  -454,   287,  -454,
    -454,   282,  -454,  -454,  -454,  -454,  1650,  -454,    30,  -454,
    -454,  -454,  2877,  2877,  -454,   175,  -454,   175,   175,   175,
     175,   175,   289,   -30,  -454,  2877,  -454,   259,   359,    78,
    -454,  -454,   493,  -454,    74,   375,    15,   532,  -454,  -454,
    -454,  2877,   292,   234,  2877,   384,  -454,  -454,  2877,   374,
     248,  -454,  -454,  -454,  -454,  -454,   535,  -454,  -454,  2877,
    -454,   390,  -454,   394,  -454,   396,  -454,   397,  -454,  -454,
    -454,   387,  -454,  -454,  -454,   401,   337,   175,   344,   346,
     175,   353,    -1,  -454,  -454,  -454,  -454,   358,   360,   357,
     450,  -454,   365,  2877,   367,   369,  -454,  2877,   370,  -454,
     371,   475,  -454,  -454,  -454,  -454,   448,   464,    16,   -19,
    2877,  -454,   274,  -454,  3096,   478,  -454,  -454,   398,  -454,
    -454,  -454,  -454,   388,   259,   224,  -454,  2877,  -454,  -454,
     450,   450,  2877,  2877,   450,  -454,  -454,   209,   399,  -454,
     402,   450,   450,   175,  -454,  -454,  -454,  -454,  -454,     2,
    -454,  -454,  -454,   432,     3,   259,  -454,   404,   450,   450,
      11,    11,   407,   409,   209,  2877,  -454,  -454,  2877,  -454,
    -454,  -454,   979,  -454,  -454,  -454,  -454,  -454,   503,  1075,
    -454,   209,   209,   450,   412,  -454,  -454,  -454,   450,  -454,
     428,  1171,   420,   450,  -454,    -3,  -454,  -454,  -454,  -454,
    -454,  2877,   450,   209,  -454,  -454,   450,   209,   461,   518,
    -454,  1267,   446,   209,  -454,  -454,   209,  -454,  -454,  -454,
    -454,  -454,   450,  -454,  1745,  -454,  1363,    11,   465,  -454,
    -454,   450,  -454
};

  /* YYDEFACT[STATE-NUM] -- Default reduction number in state STATE-NUM.
     Performed when YYTABLE does not specify something else to do.  Zero
     means the default is an error.  */
static const yytype_uint16 yydefact[] =
{
       0,     2,     4,     6,     8,    10,    12,     0,    16,   236,
       0,     0,     0,    19,     1,    19,     0,     0,     0,     0,
       0,     0,   219,     0,     0,   190,   217,   178,   212,   214,
     208,    88,   222,    88,   200,   221,   210,     0,     0,   203,
     234,     0,     0,     0,     0,     0,     0,   206,     0,     0,
       0,     0,     0,     0,     0,     0,     0,   237,   106,   220,
     185,   168,   169,   170,   171,   109,   175,     5,   191,   180,
     183,   182,   184,   181,     0,     0,     0,    16,     7,    64,
      27,    89,     0,     0,    87,     0,     0,     0,     0,    16,
       0,     0,     0,    60,    75,     9,     0,    65,     0,    11,
      24,    23,     0,     0,   161,     0,   150,   151,   266,   269,
     268,   267,   253,   256,   251,   234,     0,     0,     0,     0,
     209,     0,    92,   201,     0,     0,   236,   204,   205,   266,
     235,   116,   267,     0,   257,   167,   166,     0,     0,    90,
      91,   234,   176,     0,     0,     0,   224,   230,   233,   232,
       0,   231,   207,   202,   152,   153,   173,   158,   159,   179,
       0,   252,   259,     0,     0,     0,   107,     0,     0,     0,
       0,     0,     0,     0,     0,     0,     0,     0,     0,     0,
       0,     0,     0,     0,     0,   157,   154,   155,   156,     0,
       0,     0,     0,     0,     0,     0,     0,     0,    19,    86,
      87,     0,    34,    16,    16,    16,    16,    16,     0,    16,
       0,    16,     0,    16,    16,    40,     0,    56,    59,     0,
       0,     0,     0,     0,     0,    26,    25,    20,   160,   114,
     236,     0,     0,   213,   118,    93,     0,    94,   211,   215,
       0,     0,     0,   110,   163,     0,   194,   269,     0,     0,
     174,     0,   180,   183,   182,   229,     0,    98,   223,     0,
       0,     0,   177,   104,   105,   103,   108,     0,     0,   132,
       0,   145,   141,   142,   138,   139,   136,     0,   147,   148,
     146,   144,   143,   140,   149,   137,     0,     0,   261,   263,
       0,   120,     0,     0,     0,   265,   113,   121,   192,     0,
       0,     0,     0,     0,     0,     0,     0,     0,    85,     0,
      29,     0,     0,    80,     0,     0,     0,   249,     0,   250,
     247,     0,   248,   244,   245,   246,     0,    54,     0,   241,
     240,    16,     0,     0,    76,    68,    69,    82,    66,    67,
      70,    71,     0,   238,   134,   234,    99,    94,    96,     0,
     216,   117,     0,   162,     0,   269,   179,     0,   225,   228,
      97,     0,     0,     0,     0,     0,   125,   131,     0,     0,
       0,   196,   197,   198,   258,   129,     0,   195,   199,   236,
     193,     0,   123,     0,   186,     0,   187,     0,    14,    16,
      28,    92,    16,    16,    33,     0,     0,    81,     0,     0,
      83,     0,     0,   243,    16,    79,    84,     0,     0,    65,
       0,    50,     0,     0,     0,     0,   115,     0,     0,   119,
       0,     0,    95,   164,   111,   255,     0,     0,   177,     0,
       0,   135,     0,   128,   172,     0,   124,   130,     0,   126,
     188,   189,   122,     0,    94,     0,    57,   234,    77,    77,
       0,     0,     0,     0,     0,    43,    18,    75,     0,   242,
       0,     0,     0,   239,   218,   100,    19,   254,   227,     0,
     133,   127,   112,     0,     0,    94,    19,     0,     0,     0,
      72,    72,     0,     0,    75,    80,    19,    55,     0,    48,
      38,    39,     0,   226,    21,   102,   101,    30,     0,     0,
      35,    75,    75,     0,     0,    36,    37,    46,     0,    53,
       0,     0,     0,     0,   165,     0,    19,    58,    41,    42,
      73,     0,     0,    75,    44,    17,     0,    75,    62,     0,
      22,     0,     0,    75,    52,    77,    75,    49,    19,    61,
      15,    32,     0,    47,     0,    51,     0,    72,     0,    63,
      74,     0,    45
};

  /* YYPGOTO[NTERM-NUM].  */
static const yytype_int16 yypgoto[] =
{
    -454,  -454,  -454,  -454,  -454,  -454,  -454,  -454,   -10,  -454,
     -33,   -70,  -454,   -11,  -454,   544,   463,    19,  -454,  -454,
    -454,  -454,  -454,  -454,  -454,  -454,  -454,  -454,  -454,  -454,
    -317,  -453,  -157,  -426,  -454,    86,   255,  -119,    31,  -454,
     403,   537,  -454,   505,   203,  -336,  -129,   167,  -454,  -454,
      -2,   -35,  -454,  -454,  -454,  -454,  -454,  -454,  -454,  -454,
      95,  -454,  -454,   458,  -107,  -123,  -454,   211,  -454,  -454,
     297,  -454,  -454,   423,   296,   -40,  -454,  -454,   -29,  -454,
    -454,  -454,  -454,  -454,    -5
};

  /* YYDEFGOTO[NTERM-NUM].  */
static const yytype_int16 yydefgoto[] =
{
      -1,     7,     8,     9,    10,    11,    12,    13,   110,   390,
      15,   457,   486,   102,   515,   227,   100,   101,   391,   392,
     312,   485,   535,   522,   513,   458,   410,   476,   530,   539,
      96,   505,   217,   478,   406,   396,   336,   399,   408,   309,
     202,   121,   199,   141,   237,   349,   258,   347,   420,   497,
      97,    58,    59,   345,   296,    60,    61,    62,    63,    64,
      65,   117,    66,   146,   131,    67,   418,   331,   412,   402,
     320,   321,   211,    68,    69,    70,   149,   150,    71,    72,
      73,    74,    75,    76,   112
};

  /* YYTABLE[YYPACT[STATE-NUM]] -- What to do in state STATE-NUM.  If
     positive, shift that token.  If negative, reduce the rule whose
     number is the opposite.  If YYTABLE_NINF, syntax error.  */
static const yytype_int16 yytable[] =
{
      78,    94,    94,   241,   103,   130,   148,    57,   229,   405,
     393,   421,    77,   153,   105,   113,   114,   151,   115,   116,
     528,   260,   167,   479,   168,   329,   261,   364,   506,   127,
      95,   191,   135,   192,   246,   133,   134,    77,    19,    20,
      21,   138,   143,    20,   198,    19,    20,   166,   108,   235,
     161,   162,   160,   109,   503,   504,   210,   286,   166,   287,
      77,    77,    77,   288,   289,   290,   163,   164,   165,   291,
      14,   108,   108,   108,   257,   417,   109,   247,   355,   166,
     130,   468,   215,   259,  -229,  -228,   425,    77,    94,   236,
     319,  -230,    94,    94,   550,   245,   228,   426,   243,   529,
     330,   118,   493,   394,   253,   495,   130,   342,   474,   544,
     292,   234,   106,   107,   169,   254,   232,   226,   144,   119,
     166,   242,   358,   240,    57,   120,    55,   -16,   145,   123,
      55,    55,   377,    55,   128,   124,   125,   136,   344,   498,
     142,   366,   152,   256,   154,   155,   156,   157,   158,   293,
     126,   294,   295,  -264,    55,    55,    55,   163,   164,   165,
     190,   263,   264,   265,   197,   267,   268,   270,   324,   382,
     313,   314,   315,   316,   318,  -260,   326,  -260,   328,   325,
     332,   333,   384,   163,   164,   165,   203,   307,   299,   300,
     301,   302,   303,   304,   305,   306,   343,   401,   204,   163,
     164,   165,   163,   164,   165,   201,   334,   407,   163,   164,
     165,   139,   365,   414,   415,   205,   140,   335,   337,   338,
     339,   340,   341,  -262,   191,  -262,   192,   405,    57,   206,
     163,   164,   165,   213,  -260,  -233,  -260,   381,   419,   250,
     352,   386,   214,   163,   164,   165,   431,   357,   163,   164,
     165,   163,   164,   165,   216,  -262,   438,  -262,   218,   363,
     436,   266,   193,   230,   194,   271,   272,   273,   274,   275,
     276,   277,   278,   279,   280,   281,   282,   283,   284,   285,
     383,   231,   233,  -231,   369,   370,   470,   238,   324,   161,
     195,   376,   196,   244,   460,   257,   261,    94,   413,   325,
     487,   317,   163,   164,   165,   327,   308,   163,   164,   165,
     130,   397,   337,   400,   400,   111,   111,   111,   311,   111,
     111,   163,   164,   165,   409,   346,   429,   509,   348,   207,
     400,   400,   351,   482,   483,   353,   132,   111,   360,   423,
     477,   354,   147,   361,   518,   519,   362,   163,   164,   165,
     364,   111,   111,   208,   371,   165,   443,   379,   372,   445,
     446,   373,   432,   209,   374,    55,   534,   378,   389,   512,
     537,   453,   163,   164,   165,   395,   543,    57,   -31,   545,
     480,   481,   422,   404,   484,   212,   427,   173,   174,   416,
      55,   490,   491,   430,   433,   469,   219,   220,   221,   222,
     439,   385,   532,   223,   440,   224,   441,   442,   501,   502,
     235,   400,   130,   182,   183,   463,   163,   164,   165,   184,
     185,   447,   132,   186,   187,   188,   189,   163,   164,   165,
     163,   164,   165,   520,   163,   164,   165,   448,   523,   111,
     252,   173,   174,   527,   449,   387,   450,   163,   164,   165,
     400,   400,   533,   451,   262,   492,   536,   -83,   454,   456,
     467,   350,   455,   434,   496,   499,   459,   461,   183,   462,
     464,   465,   547,   184,   185,   511,   435,   186,   187,   188,
     189,   552,    94,   397,   466,   297,   400,   426,   471,    94,
     473,   163,   164,   165,   171,  -265,   173,   174,   472,  -180,
     488,    94,   489,   494,   323,   531,   500,   507,   191,   508,
     192,  -180,   516,   521,   171,   172,   173,   174,   359,   400,
     526,    94,   182,   183,   163,   164,   165,   546,   184,   185,
     524,   538,   186,   187,   188,   189,    94,   540,  -180,  -180,
    -180,  -180,   182,   183,   111,  -180,   542,  -180,   184,   185,
    -180,   367,   186,   187,   188,   189,    99,  -180,  -180,  -180,
    -180,   225,   163,   164,   165,   551,   163,   164,   165,   398,
     122,   510,  -180,  -180,  -180,   548,  -180,  -180,  -180,  -180,
    -180,  -180,  -180,  -180,  -180,  -180,  -180,   200,  -219,   380,
     111,  -180,  -180,   424,   444,  -180,  -180,  -180,  -180,  -180,
    -219,  -180,   251,   310,  -180,   163,   164,   165,   163,   164,
     165,     0,   475,   452,   403,     0,   171,   172,   173,   174,
    -265,  -265,  -265,   189,   323,   411,     0,  -219,  -219,  -219,
    -219,   322,   428,     0,  -219,   437,  -219,     0,     0,  -219,
       0,   179,   180,   181,   182,   183,  -219,  -219,  -219,  -219,
     184,   185,     0,     0,   186,   187,   188,   189,     0,     0,
       0,  -219,  -219,  -219,     0,  -219,  -219,  -219,  -219,  -219,
    -219,  -219,  -219,  -219,  -219,  -219,     0,     0,     0,     0,
    -219,  -219,     0,     0,  -219,  -219,  -219,  -219,  -219,     0,
    -219,   -13,    79,  -219,     0,     0,     0,     0,     0,     0,
      77,     0,    16,     0,    17,    18,    19,    20,    21,     0,
       0,    22,    23,    24,    25,    26,     0,    27,    28,    29,
      30,    31,    32,    80,    98,    81,    82,    33,    83,    84,
      85,    86,    87,    88,     0,     0,   173,    89,    90,    91,
      92,    34,     0,    35,    36,    37,    38,    39,    40,     0,
       0,     0,     0,    41,    42,    43,    44,    45,    46,    47,
       0,     0,     0,   183,     0,     0,     0,    48,   184,   185,
       0,     0,   186,   187,   188,   189,     0,     0,     0,    49,
      50,     0,    51,     0,     0,    52,    53,    -3,    79,     0,
       0,     0,    54,    93,    55,    56,    77,     0,    16,     0,
      17,    18,    19,    20,    21,     0,     0,    22,    23,    24,
      25,    26,     0,    27,    28,    29,    30,    31,    32,    80,
      98,    81,    82,    33,    83,    84,    85,    86,    87,    88,
       0,     0,     0,    89,    90,    91,    92,    34,     0,    35,
      36,    37,    38,    39,    40,     0,     0,     0,     0,    41,
      42,    43,    44,    45,    46,    47,   183,     0,     0,     0,
       0,   184,   185,    48,     0,   186,   187,   188,   189,     1,
       2,     3,     4,     5,     6,    49,    50,     0,    51,     0,
       0,    52,    53,     0,    79,     0,     0,     0,    54,    93,
      55,    56,    77,   388,    16,     0,    17,    18,    19,    20,
      21,     0,     0,    22,    23,    24,    25,    26,     0,    27,
      28,    29,    30,    31,    32,    80,    98,    81,    82,    33,
      83,    84,    85,    86,    87,    88,     0,     0,     0,    89,
      90,    91,    92,    34,     0,    35,    36,    37,    38,    39,
      40,     0,     0,     0,     0,    41,    42,    43,    44,    45,
      46,    47,     0,     0,     0,     0,   184,   185,     0,    48,
     186,   187,   188,   189,     0,     0,     0,     0,     0,     0,
       0,    49,    50,     0,    51,     0,     0,    52,    53,     0,
      79,     0,     0,     0,    54,    93,    55,    56,    77,   514,
      16,     0,    17,    18,    19,    20,    21,     0,     0,    22,
      23,    24,    25,    26,     0,    27,    28,    29,    30,    31,
      32,    80,    98,    81,    82,    33,    83,    84,    85,    86,
      87,    88,     0,     0,     0,    89,    90,    91,    92,    34,
       0,    35,    36,    37,    38,    39,    40,     0,     0,     0,
       0,    41,    42,    43,    44,    45,    46,    47,     0,     0,
       0,     0,     0,     0,     0,    48,     0,     0,     0,     0,
       0,     0,     0,     0,     0,     0,     0,    49,    50,     0,
      51,     0,     0,    52,    53,     0,    79,     0,     0,     0,
      54,    93,    55,    56,    77,   517,    16,     0,    17,    18,
      19,    20,    21,     0,     0,    22,    23,    24,    25,    26,
       0,    27,    28,    29,    30,    31,    32,    80,    98,    81,
      82,    33,    83,    84,    85,    86,    87,    88,     0,     0,
       0,    89,    90,    91,    92,    34,     0,    35,    36,    37,
      38,    39,    40,     0,     0,     0,     0,    41,    42,    43,
      44,    45,    46,    47,     0,     0,     0,     0,     0,     0,
       0,    48,     0,     0,     0,     0,     0,     0,     0,     0,
       0,     0,     0,    49,    50,     0,    51,     0,     0,    52,
      53,     0,    79,     0,     0,     0,    54,    93,    55,    56,
      77,   525,    16,     0,    17,    18,    19,    20,    21,     0,
       0,    22,    23,    24,    25,    26,     0,    27,    28,    29,
      30,    31,    32,    80,    98,    81,    82,    33,    83,    84,
      85,    86,    87,    88,     0,     0,     0,    89,    90,    91,
      92,    34,     0,    35,    36,    37,    38,    39,    40,     0,
       0,     0,     0,    41,    42,    43,    44,    45,    46,    47,
       0,     0,     0,     0,     0,     0,     0,    48,     0,     0,
       0,     0,     0,     0,     0,     0,     0,     0,     0,    49,
      50,     0,    51,     0,     0,    52,    53,     0,    79,     0,
       0,     0,    54,    93,    55,    56,    77,   541,    16,     0,
      17,    18,    19,    20,    21,     0,     0,    22,    23,    24,
      25,    26,     0,    27,    28,    29,    30,    31,    32,    80,
      98,    81,    82,    33,    83,    84,    85,    86,    87,    88,
       0,     0,     0,    89,    90,    91,    92,    34,     0,    35,
      36,    37,    38,    39,    40,     0,     0,     0,     0,    41,
      42,    43,    44,    45,    46,    47,     0,     0,     0,     0,
       0,     0,     0,    48,     0,     0,     0,     0,     0,     0,
       0,     0,     0,     0,     0,    49,    50,     0,    51,     0,
       0,    52,    53,     0,    79,     0,     0,     0,    54,    93,
      55,    56,    77,     0,    16,     0,    17,    18,    19,    20,
      21,     0,     0,    22,    23,    24,    25,    26,     0,    27,
      28,    29,    30,    31,    32,    80,    98,    81,    82,    33,
      83,    84,    85,    86,    87,    88,     0,     0,     0,    89,
      90,    91,    92,    34,     0,    35,    36,    37,    38,    39,
      40,     0,     0,     0,     0,    41,    42,    43,    44,    45,
      46,    47,     0,     0,   549,     0,     0,     0,     0,    48,
       0,     0,     0,     0,     0,     0,     0,     0,     0,     0,
       0,    49,    50,     0,    51,     0,     0,    52,    53,     0,
      79,     0,     0,     0,    54,    93,    55,    56,    77,     0,
      16,     0,    17,    18,    19,    20,    21,     0,     0,    22,
      23,    24,    25,    26,     0,    27,    28,    29,    30,    31,
      32,    80,    98,    81,    82,    33,    83,    84,    85,    86,
      87,    88,     0,     0,     0,    89,    90,    91,    92,    34,
       0,    35,    36,    37,    38,    39,    40,     0,     0,     0,
       0,    41,    42,    43,    44,    45,    46,    47,     0,     0,
       0,     0,     0,     0,     0,    48,     0,     0,     0,     0,
       0,     0,     0,     0,     0,     0,     0,    49,    50,     0,
      51,     0,     0,    52,    53,     0,    79,     0,     0,     0,
      54,    93,    55,    56,    77,     0,    16,     0,    17,    18,
      19,    20,    21,     0,     0,    22,    23,    24,    25,    26,
       0,    27,    28,    29,    30,    31,    32,    80,     0,    81,
      82,    33,    83,    84,    85,    86,    87,    88,     0,     0,
       0,    89,    90,    91,    92,    34,     0,    35,    36,    37,
      38,    39,    40,     0,     0,     0,     0,    41,    42,    43,
      44,    45,    46,    47,     0,     0,     0,     0,     0,     0,
       0,    48,     0,     0,     0,     0,     0,     0,     0,     0,
       0,     0,     0,    49,    50,     0,    51,     0,     0,    52,
      53,    79,     0,     0,     0,     0,    54,    93,    55,    56,
       0,    16,     0,    17,    18,    19,    20,    21,     0,     0,
      22,    23,    24,    25,    26,     0,    27,    28,    29,    30,
      31,    32,     0,     0,     0,     0,    33,     0,     0,  -265,
       0,     0,     0,     0,     0,     0,   171,   172,   173,   174,
      34,     0,    35,    36,    37,    38,    39,    40,     0,     0,
       0,     0,    41,    42,    43,    44,    45,    46,    47,   177,
     178,   179,   180,   181,   182,   183,    48,     0,     0,     0,
     184,   185,     0,     0,   186,   187,   188,   189,    49,    50,
       0,    51,     0,     0,    52,    53,    79,     0,     0,     0,
       0,    54,   -78,    55,    56,     0,    16,     0,    17,    18,
      19,    20,    21,     0,     0,    22,    23,    24,    25,    26,
       0,    27,    28,    29,    30,    31,    32,     0,     0,     0,
       0,    33,     0,     0,     0,     0,     0,     0,   171,   172,
     173,   174,     0,     0,     0,    34,     0,    35,    36,    37,
      38,    39,    40,     0,     0,     0,     0,    41,    42,    43,
      44,    45,    46,    47,   180,   181,   182,   183,     0,     0,
       0,    48,   184,   185,     0,     0,   186,   187,   188,   189,
       0,     0,     0,    49,    50,     0,    51,     0,     0,    52,
      53,     0,     0,     0,     0,   -78,    54,     0,    55,    56,
      77,     0,    16,     0,    17,    18,    19,    20,    21,     0,
       0,   129,    23,    24,    25,    26,   109,    27,    28,    29,
      30,    31,    32,     0,     0,     0,     0,    33,     0,     0,
       0,     0,     0,     0,   171,   172,   173,   174,     0,     0,
       0,    34,     0,    35,    36,    37,    38,    39,    40,     0,
       0,     0,     0,    41,    42,    43,    44,    45,    46,    47,
       0,   181,   182,   183,     0,     0,     0,    48,   184,   185,
       0,     0,   186,   187,   188,   189,     0,     0,     0,    49,
      50,     0,    51,     0,     0,    52,    53,     0,     0,     0,
       0,     0,    54,     0,    55,    56,    77,     0,    16,     0,
      17,    18,    19,    20,    21,     0,     0,    22,    23,    24,
      25,    26,     0,    27,    28,    29,    30,    31,    32,     0,
       0,     0,     0,    33,     0,     0,     0,     0,     0,     0,
    -265,     0,   173,   174,     0,     0,     0,    34,     0,    35,
      36,    37,    38,    39,    40,     0,     0,     0,     0,    41,
      42,    43,    44,    45,    46,    47,     0,     0,   182,   183,
       0,     0,     0,    48,   184,   185,     0,     0,   186,   187,
     188,   189,     0,     0,     0,    49,    50,     0,    51,     0,
       0,    52,    53,     0,     0,     0,     0,     0,    54,     0,
      55,    56,    16,   104,    17,    18,    19,    20,    21,     0,
       0,    22,    23,    24,    25,    26,     0,    27,    28,    29,
      30,    31,    32,     0,     0,     0,     0,    33,   219,   220,
     221,   222,     0,     0,     0,   223,     0,   224,     0,     0,
       0,    34,     0,    35,    36,    37,    38,    39,    40,     0,
       0,     0,     0,    41,    42,    43,    44,    45,    46,    47,
       0,     0,   163,   164,   165,     0,     0,    48,     0,     0,
       0,     0,     0,     0,     0,     0,     0,     0,     0,    49,
      50,     0,    51,     0,     0,    52,    53,     0,     0,     0,
       0,     0,    54,     0,    55,    56,    16,     0,    17,    18,
      19,    20,    21,     0,     0,    22,    23,    24,    25,    26,
       0,    27,    28,    29,    30,    31,    32,     0,     0,     0,
       0,    33,     0,     0,     0,     0,     0,     0,     0,     0,
       0,     0,     0,     0,     0,    34,     0,    35,    36,    37,
      38,    39,    40,     0,     0,     0,     0,    41,    42,    43,
      44,    45,    46,    47,     0,     0,     0,     0,     0,     0,
       0,    48,     0,     0,     0,     0,     0,     0,     0,     0,
       0,     0,     0,    49,    50,     0,    51,     0,     0,    52,
      53,     0,     0,     0,     0,     0,    54,   137,    55,    56,
      16,     0,    17,    18,    19,    20,    21,     0,     0,    22,
      23,    24,    25,    26,     0,    27,    28,    29,    30,    31,
      32,     0,     0,     0,     0,    33,     0,     0,     0,     0,
       0,     0,     0,     0,     0,     0,     0,     0,     0,    34,
       0,    35,    36,    37,    38,    39,    40,     0,     0,     0,
       0,    41,    42,    43,    44,    45,    46,    47,     0,     0,
       0,     0,     0,     0,     0,    48,     0,     0,     0,     0,
       0,     0,     0,     0,     0,     0,     0,    49,    50,     0,
      51,     0,     0,    52,    53,     0,     0,     0,     0,   159,
      54,     0,    55,    56,    16,     0,    17,    18,    19,    20,
      21,     0,     0,    22,    23,    24,    25,    26,     0,    27,
      28,    29,    30,    31,    32,     0,     0,     0,     0,    33,
       0,     0,     0,     0,     0,     0,     0,     0,     0,     0,
       0,     0,     0,    34,     0,    35,    36,    37,    38,    39,
      40,     0,     0,     0,     0,    41,    42,    43,    44,    45,
      46,    47,     0,     0,     0,     0,     0,     0,     0,    48,
       0,     0,     0,     0,     0,     0,     0,     0,     0,     0,
       0,    49,    50,     0,    51,     0,     0,    52,    53,     0,
       0,     0,     0,   239,    54,     0,    55,    56,    16,     0,
      17,    18,    19,    20,    21,     0,     0,    22,    23,    24,
      25,    26,     0,    27,    28,    29,    30,    31,    32,     0,
       0,     0,     0,    33,     0,     0,     0,     0,     0,     0,
       0,     0,     0,     0,     0,     0,     0,    34,     0,    35,
      36,    37,    38,    39,    40,     0,     0,     0,     0,    41,
      42,    43,    44,    45,    46,    47,     0,     0,     0,     0,
       0,     0,     0,    48,     0,     0,     0,     0,     0,     0,
       0,     0,     0,     0,     0,    49,    50,     0,    51,     0,
       0,    52,    53,     0,     0,     0,     0,   255,    54,     0,
      55,    56,    16,     0,    17,    18,    19,    20,    21,     0,
       0,    22,    23,    24,    25,    26,     0,    27,    28,    29,
      30,    31,    32,     0,     0,     0,     0,    33,     0,     0,
       0,     0,     0,     0,     0,     0,     0,     0,     0,     0,
       0,    34,     0,    35,    36,    37,    38,    39,    40,     0,
       0,     0,     0,    41,    42,    43,    44,    45,    46,    47,
       0,     0,     0,     0,     0,     0,     0,    48,     0,     0,
       0,     0,     0,     0,     0,     0,     0,     0,     0,    49,
      50,     0,    51,     0,     0,    52,    53,     0,     0,     0,
       0,   269,    54,     0,    55,    56,    16,     0,    17,    18,
      19,    20,    21,     0,     0,    22,    23,    24,    25,    26,
       0,    27,    28,    29,    30,    31,    32,     0,     0,     0,
       0,    33,     0,     0,     0,     0,     0,     0,     0,     0,
       0,     0,     0,     0,     0,    34,     0,    35,    36,    37,
      38,    39,    40,     0,     0,     0,     0,    41,    42,    43,
      44,    45,    46,    47,     0,     0,     0,     0,     0,     0,
       0,    48,     0,     0,     0,     0,     0,     0,     0,     0,
       0,     0,     0,    49,    50,     0,    51,     0,     0,    52,
      53,     0,     0,     0,     0,   298,    54,     0,    55,    56,
      16,     0,    17,    18,    19,    20,    21,     0,     0,    22,
      23,    24,    25,    26,     0,    27,    28,    29,    30,    31,
      32,     0,     0,     0,     0,    33,     0,     0,     0,     0,
       0,     0,     0,     0,     0,     0,     0,     0,     0,    34,
       0,    35,    36,    37,    38,    39,    40,     0,     0,     0,
       0,    41,    42,    43,    44,    45,    46,    47,     0,     0,
       0,     0,     0,     0,     0,    48,     0,     0,     0,     0,
       0,     0,     0,     0,     0,     0,     0,    49,    50,     0,
      51,     0,     0,    52,    53,     0,     0,     0,     0,   356,
      54,     0,    55,    56,    16,     0,    17,    18,    19,    20,
      21,     0,     0,    22,    23,    24,    25,    26,     0,    27,
      28,    29,    30,    31,    32,     0,     0,     0,     0,    33,
       0,     0,     0,     0,     0,     0,     0,     0,     0,     0,
       0,     0,     0,    34,     0,    35,    36,    37,    38,    39,
      40,     0,     0,     0,     0,    41,    42,    43,    44,    45,
      46,    47,     0,     0,     0,     0,     0,     0,     0,    48,
       0,     0,     0,     0,     0,     0,     0,     0,     0,     0,
       0,    49,    50,     0,    51,     0,     0,    52,    53,     0,
       0,     0,     0,   375,    54,     0,    55,    56,    16,     0,
      17,    18,    19,    20,    21,     0,     0,    22,    23,    24,
      25,    26,     0,    27,    28,    29,    30,    31,    32,     0,
       0,     0,     0,    33,     0,     0,     0,     0,     0,     0,
       0,     0,     0,     0,     0,     0,     0,    34,     0,    35,
      36,    37,    38,    39,    40,     0,     0,     0,     0,    41,
      42,    43,    44,    45,    46,    47,     0,     0,     0,     0,
       0,     0,     0,    48,     0,     0,     0,     0,     0,     0,
       0,     0,     0,     0,     0,    49,    50,     0,    51,     0,
       0,    52,    53,     0,     0,     0,     0,     0,    54,     0,
      55,    56,    16,     0,    17,    18,   248,    20,    21,     0,
       0,    22,    23,    24,    25,    26,     0,    27,    28,    29,
      30,    31,    32,     0,     0,     0,     0,    33,     0,     0,
       0,     0,     0,     0,     0,     0,     0,     0,     0,     0,
       0,    34,     0,    35,    36,    37,    38,    39,    40,     0,
       0,     0,     0,    41,    42,    43,    44,    45,    46,    47,
       0,     0,     0,     0,     0,     0,     0,    48,     0,     0,
       0,     0,     0,     0,     0,     0,     0,     0,     0,    49,
      50,   170,    51,     0,     0,    52,    53,     0,   171,   172,
     173,   174,   249,     0,    55,    56,     0,     0,     0,     0,
       0,     0,     0,     0,     0,     0,     0,     0,   175,   176,
     368,   177,   178,   179,   180,   181,   182,   183,     0,     0,
       0,     0,   184,   185,   170,     0,   186,   187,   188,   189,
       0,   171,   172,   173,   174,     0,     0,     0,     0,     0,
       0,     0,     0,     0,     0,     0,     0,     0,     0,     0,
       0,   175,   176,     0,   177,   178,   179,   180,   181,   182,
     183,     0,     0,     0,     0,   184,   185,   170,     0,   186,
     187,   188,   189,     0,   171,   172,   173,   174,     0,     0,
       0,     0,     0,     0,     0,     0,     0,     0,     0,     0,
       0,     0,     0,     0,     0,   176,     0,   177,   178,   179,
     180,   181,   182,   183,     0,     0,     0,     0,   184,   185,
       0,     0,   186,   187,   188,   189
};

static const yytype_int16 yycheck[] =
{
      10,    11,    12,   126,    15,    40,    46,     9,   115,   326,
       9,   347,     9,    48,    16,    20,    21,    46,    23,    24,
      23,   150,     9,   449,    11,    26,    11,    11,   481,    39,
      11,     9,    42,    11,   141,    40,    41,     9,    15,    16,
      17,    43,    15,    16,    77,    15,    16,    77,    20,    23,
      55,    56,    54,    25,    43,    44,    89,     9,    77,    11,
       9,     9,     9,    15,    16,    17,    73,    74,    75,    21,
       0,    20,    20,    20,    69,   105,    25,    25,    25,    77,
     115,   100,    92,    78,    69,    69,    12,     9,    98,   122,
      67,    69,   102,   103,   547,   102,    12,    23,   133,   102,
     101,    11,   100,   102,   144,   102,   141,   230,   444,   535,
      62,   121,    17,    18,   101,   144,   118,    98,    91,   101,
      77,   126,   251,   125,   126,    30,   103,   101,   101,    34,
     103,   103,   104,   103,    39,   101,   101,    42,    12,   475,
      45,    12,    47,   145,    49,    50,    51,    52,    53,   101,
     101,   103,   104,     9,   103,   103,   103,    73,    74,    75,
     101,   163,   164,   165,     9,   167,   168,   169,   208,    12,
     203,   204,   205,   206,   207,     9,   209,    11,   211,   208,
     213,   214,    12,    73,    74,    75,   101,   198,   190,   191,
     192,   193,   194,   195,   196,   197,   231,   316,   101,    73,
      74,    75,    73,    74,    75,    20,   216,   326,    73,    74,
      75,    20,   102,   332,   333,   101,    25,   219,   220,   221,
     222,   223,   224,     9,     9,    11,    11,   544,   230,   101,
      73,    74,    75,   101,     9,    69,    11,   102,   345,   144,
     242,    12,   101,    73,    74,    75,    12,   249,    73,    74,
      75,    73,    74,    75,    45,     9,   379,    11,   102,   261,
      12,   166,     9,   101,    11,   170,   171,   172,   173,   174,
     175,   176,   177,   178,   179,   180,   181,   182,   183,   184,
     102,   101,   100,    69,   286,   287,    12,   100,   328,   294,
       9,   293,    11,    10,   413,    69,    11,   307,   331,   328,
     457,    91,    73,    74,    75,    26,    20,    73,    74,    75,
     345,   313,   314,   315,   316,    19,    20,    21,    20,    23,
      24,    73,    74,    75,   326,   101,   361,   484,    69,    67,
     332,   333,   100,   452,   453,    10,    40,    41,    23,   349,
     447,    11,    46,   101,   501,   502,    78,    73,    74,    75,
      11,    55,    56,    91,   104,    75,   389,   101,   104,   392,
     393,   104,   364,   101,   104,   103,   523,   104,    18,   488,
     527,   404,    73,    74,    75,    20,   533,   379,   101,   536,
     450,   451,    23,   101,   454,    89,    11,    60,    61,   100,
     103,   461,   462,   101,    10,   430,    39,    40,    41,    42,
      10,   102,   521,    46,    10,    48,    10,    10,   478,   479,
      23,   413,   447,    86,    87,   417,    73,    74,    75,    92,
      93,    20,   126,    96,    97,    98,    99,    73,    74,    75,
      73,    74,    75,   503,    73,    74,    75,   100,   508,   143,
     144,    60,    61,   513,   100,   102,   100,    73,    74,    75,
     452,   453,   522,   100,   100,   466,   526,   100,   100,     9,
      12,   100,   102,   368,   474,   476,   101,   100,    87,   100,
     100,   100,   542,    92,    93,   486,   102,    96,    97,    98,
      99,   551,   492,   485,     9,   189,   488,    23,    10,   499,
     102,    73,    74,    75,    58,    59,    60,    61,   100,     0,
     101,   511,   100,    71,   208,   516,   102,   100,     9,   100,
      11,    12,     9,   101,    58,    59,    60,    61,   100,   521,
     100,   531,    86,    87,    73,    74,    75,   538,    92,    93,
     102,    70,    96,    97,    98,    99,   546,    19,    39,    40,
      41,    42,    86,    87,   248,    46,   100,    48,    92,    93,
      51,   100,    96,    97,    98,    99,    12,    58,    59,    60,
      61,    98,    73,    74,    75,   100,    73,    74,    75,   314,
      33,   485,    73,    74,    75,   544,    77,    78,    79,    80,
      81,    82,    83,    84,    85,    86,    87,    82,     0,   100,
     294,    92,    93,   100,   391,    96,    97,    98,    99,   100,
      12,   102,   144,   200,   105,    73,    74,    75,    73,    74,
      75,    -1,   445,   402,   318,    -1,    58,    59,    60,    61,
      96,    97,    98,    99,   328,   328,    -1,    39,    40,    41,
      42,   208,   100,    -1,    46,   100,    48,    -1,    -1,    51,
      -1,    83,    84,    85,    86,    87,    58,    59,    60,    61,
      92,    93,    -1,    -1,    96,    97,    98,    99,    -1,    -1,
      -1,    73,    74,    75,    -1,    77,    78,    79,    80,    81,
      82,    83,    84,    85,    86,    87,    -1,    -1,    -1,    -1,
      92,    93,    -1,    -1,    96,    97,    98,    99,   100,    -1,
     102,     0,     1,   105,    -1,    -1,    -1,    -1,    -1,    -1,
       9,    -1,    11,    -1,    13,    14,    15,    16,    17,    -1,
      -1,    20,    21,    22,    23,    24,    -1,    26,    27,    28,
      29,    30,    31,    32,    33,    34,    35,    36,    37,    38,
      39,    40,    41,    42,    -1,    -1,    60,    46,    47,    48,
      49,    50,    -1,    52,    53,    54,    55,    56,    57,    -1,
      -1,    -1,    -1,    62,    63,    64,    65,    66,    67,    68,
      -1,    -1,    -1,    87,    -1,    -1,    -1,    76,    92,    93,
      -1,    -1,    96,    97,    98,    99,    -1,    -1,    -1,    88,
      89,    -1,    91,    -1,    -1,    94,    95,     0,     1,    -1,
      -1,    -1,   101,   102,   103,   104,     9,    -1,    11,    -1,
      13,    14,    15,    16,    17,    -1,    -1,    20,    21,    22,
      23,    24,    -1,    26,    27,    28,    29,    30,    31,    32,
      33,    34,    35,    36,    37,    38,    39,    40,    41,    42,
      -1,    -1,    -1,    46,    47,    48,    49,    50,    -1,    52,
      53,    54,    55,    56,    57,    -1,    -1,    -1,    -1,    62,
      63,    64,    65,    66,    67,    68,    87,    -1,    -1,    -1,
      -1,    92,    93,    76,    -1,    96,    97,    98,    99,     3,
       4,     5,     6,     7,     8,    88,    89,    -1,    91,    -1,
      -1,    94,    95,    -1,     1,    -1,    -1,    -1,   101,   102,
     103,   104,     9,    10,    11,    -1,    13,    14,    15,    16,
      17,    -1,    -1,    20,    21,    22,    23,    24,    -1,    26,
      27,    28,    29,    30,    31,    32,    33,    34,    35,    36,
      37,    38,    39,    40,    41,    42,    -1,    -1,    -1,    46,
      47,    48,    49,    50,    -1,    52,    53,    54,    55,    56,
      57,    -1,    -1,    -1,    -1,    62,    63,    64,    65,    66,
      67,    68,    -1,    -1,    -1,    -1,    92,    93,    -1,    76,
      96,    97,    98,    99,    -1,    -1,    -1,    -1,    -1,    -1,
      -1,    88,    89,    -1,    91,    -1,    -1,    94,    95,    -1,
       1,    -1,    -1,    -1,   101,   102,   103,   104,     9,    10,
      11,    -1,    13,    14,    15,    16,    17,    -1,    -1,    20,
      21,    22,    23,    24,    -1,    26,    27,    28,    29,    30,
      31,    32,    33,    34,    35,    36,    37,    38,    39,    40,
      41,    42,    -1,    -1,    -1,    46,    47,    48,    49,    50,
      -1,    52,    53,    54,    55,    56,    57,    -1,    -1,    -1,
      -1,    62,    63,    64,    65,    66,    67,    68,    -1,    -1,
      -1,    -1,    -1,    -1,    -1,    76,    -1,    -1,    -1,    -1,
      -1,    -1,    -1,    -1,    -1,    -1,    -1,    88,    89,    -1,
      91,    -1,    -1,    94,    95,    -1,     1,    -1,    -1,    -1,
     101,   102,   103,   104,     9,    10,    11,    -1,    13,    14,
      15,    16,    17,    -1,    -1,    20,    21,    22,    23,    24,
      -1,    26,    27,    28,    29,    30,    31,    32,    33,    34,
      35,    36,    37,    38,    39,    40,    41,    42,    -1,    -1,
      -1,    46,    47,    48,    49,    50,    -1,    52,    53,    54,
      55,    56,    57,    -1,    -1,    -1,    -1,    62,    63,    64,
      65,    66,    67,    68,    -1,    -1,    -1,    -1,    -1,    -1,
      -1,    76,    -1,    -1,    -1,    -1,    -1,    -1,    -1,    -1,
      -1,    -1,    -1,    88,    89,    -1,    91,    -1,    -1,    94,
      95,    -1,     1,    -1,    -1,    -1,   101,   102,   103,   104,
       9,    10,    11,    -1,    13,    14,    15,    16,    17,    -1,
      -1,    20,    21,    22,    23,    24,    -1,    26,    27,    28,
      29,    30,    31,    32,    33,    34,    35,    36,    37,    38,
      39,    40,    41,    42,    -1,    -1,    -1,    46,    47,    48,
      49,    50,    -1,    52,    53,    54,    55,    56,    57,    -1,
      -1,    -1,    -1,    62,    63,    64,    65,    66,    67,    68,
      -1,    -1,    -1,    -1,    -1,    -1,    -1,    76,    -1,    -1,
      -1,    -1,    -1,    -1,    -1,    -1,    -1,    -1,    -1,    88,
      89,    -1,    91,    -1,    -1,    94,    95,    -1,     1,    -1,
      -1,    -1,   101,   102,   103,   104,     9,    10,    11,    -1,
      13,    14,    15,    16,    17,    -1,    -1,    20,    21,    22,
      23,    24,    -1,    26,    27,    28,    29,    30,    31,    32,
      33,    34,    35,    36,    37,    38,    39,    40,    41,    42,
      -1,    -1,    -1,    46,    47,    48,    49,    50,    -1,    52,
      53,    54,    55,    56,    57,    -1,    -1,    -1,    -1,    62,
      63,    64,    65,    66,    67,    68,    -1,    -1,    -1,    -1,
      -1,    -1,    -1,    76,    -1,    -1,    -1,    -1,    -1,    -1,
      -1,    -1,    -1,    -1,    -1,    88,    89,    -1,    91,    -1,
      -1,    94,    95,    -1,     1,    -1,    -1,    -1,   101,   102,
     103,   104,     9,    -1,    11,    -1,    13,    14,    15,    16,
      17,    -1,    -1,    20,    21,    22,    23,    24,    -1,    26,
      27,    28,    29,    30,    31,    32,    33,    34,    35,    36,
      37,    38,    39,    40,    41,    42,    -1,    -1,    -1,    46,
      47,    48,    49,    50,    -1,    52,    53,    54,    55,    56,
      57,    -1,    -1,    -1,    -1,    62,    63,    64,    65,    66,
      67,    68,    -1,    -1,    71,    -1,    -1,    -1,    -1,    76,
      -1,    -1,    -1,    -1,    -1,    -1,    -1,    -1,    -1,    -1,
      -1,    88,    89,    -1,    91,    -1,    -1,    94,    95,    -1,
       1,    -1,    -1,    -1,   101,   102,   103,   104,     9,    -1,
      11,    -1,    13,    14,    15,    16,    17,    -1,    -1,    20,
      21,    22,    23,    24,    -1,    26,    27,    28,    29,    30,
      31,    32,    33,    34,    35,    36,    37,    38,    39,    40,
      41,    42,    -1,    -1,    -1,    46,    47,    48,    49,    50,
      -1,    52,    53,    54,    55,    56,    57,    -1,    -1,    -1,
      -1,    62,    63,    64,    65,    66,    67,    68,    -1,    -1,
      -1,    -1,    -1,    -1,    -1,    76,    -1,    -1,    -1,    -1,
      -1,    -1,    -1,    -1,    -1,    -1,    -1,    88,    89,    -1,
      91,    -1,    -1,    94,    95,    -1,     1,    -1,    -1,    -1,
     101,   102,   103,   104,     9,    -1,    11,    -1,    13,    14,
      15,    16,    17,    -1,    -1,    20,    21,    22,    23,    24,
      -1,    26,    27,    28,    29,    30,    31,    32,    -1,    34,
      35,    36,    37,    38,    39,    40,    41,    42,    -1,    -1,
      -1,    46,    47,    48,    49,    50,    -1,    52,    53,    54,
      55,    56,    57,    -1,    -1,    -1,    -1,    62,    63,    64,
      65,    66,    67,    68,    -1,    -1,    -1,    -1,    -1,    -1,
      -1,    76,    -1,    -1,    -1,    -1,    -1,    -1,    -1,    -1,
      -1,    -1,    -1,    88,    89,    -1,    91,    -1,    -1,    94,
      95,     1,    -1,    -1,    -1,    -1,   101,   102,   103,   104,
      -1,    11,    -1,    13,    14,    15,    16,    17,    -1,    -1,
      20,    21,    22,    23,    24,    -1,    26,    27,    28,    29,
      30,    31,    -1,    -1,    -1,    -1,    36,    -1,    -1,    51,
      -1,    -1,    -1,    -1,    -1,    -1,    58,    59,    60,    61,
      50,    -1,    52,    53,    54,    55,    56,    57,    -1,    -1,
      -1,    -1,    62,    63,    64,    65,    66,    67,    68,    81,
      82,    83,    84,    85,    86,    87,    76,    -1,    -1,    -1,
      92,    93,    -1,    -1,    96,    97,    98,    99,    88,    89,
      -1,    91,    -1,    -1,    94,    95,     1,    -1,    -1,    -1,
      -1,   101,   102,   103,   104,    -1,    11,    -1,    13,    14,
      15,    16,    17,    -1,    -1,    20,    21,    22,    23,    24,
      -1,    26,    27,    28,    29,    30,    31,    -1,    -1,    -1,
      -1,    36,    -1,    -1,    -1,    -1,    -1,    -1,    58,    59,
      60,    61,    -1,    -1,    -1,    50,    -1,    52,    53,    54,
      55,    56,    57,    -1,    -1,    -1,    -1,    62,    63,    64,
      65,    66,    67,    68,    84,    85,    86,    87,    -1,    -1,
      -1,    76,    92,    93,    -1,    -1,    96,    97,    98,    99,
      -1,    -1,    -1,    88,    89,    -1,    91,    -1,    -1,    94,
      95,    -1,    -1,    -1,    -1,   100,   101,    -1,   103,   104,
       9,    -1,    11,    -1,    13,    14,    15,    16,    17,    -1,
      -1,    20,    21,    22,    23,    24,    25,    26,    27,    28,
      29,    30,    31,    -1,    -1,    -1,    -1,    36,    -1,    -1,
      -1,    -1,    -1,    -1,    58,    59,    60,    61,    -1,    -1,
      -1,    50,    -1,    52,    53,    54,    55,    56,    57,    -1,
      -1,    -1,    -1,    62,    63,    64,    65,    66,    67,    68,
      -1,    85,    86,    87,    -1,    -1,    -1,    76,    92,    93,
      -1,    -1,    96,    97,    98,    99,    -1,    -1,    -1,    88,
      89,    -1,    91,    -1,    -1,    94,    95,    -1,    -1,    -1,
      -1,    -1,   101,    -1,   103,   104,     9,    -1,    11,    -1,
      13,    14,    15,    16,    17,    -1,    -1,    20,    21,    22,
      23,    24,    -1,    26,    27,    28,    29,    30,    31,    -1,
      -1,    -1,    -1,    36,    -1,    -1,    -1,    -1,    -1,    -1,
      58,    -1,    60,    61,    -1,    -1,    -1,    50,    -1,    52,
      53,    54,    55,    56,    57,    -1,    -1,    -1,    -1,    62,
      63,    64,    65,    66,    67,    68,    -1,    -1,    86,    87,
      -1,    -1,    -1,    76,    92,    93,    -1,    -1,    96,    97,
      98,    99,    -1,    -1,    -1,    88,    89,    -1,    91,    -1,
      -1,    94,    95,    -1,    -1,    -1,    -1,    -1,   101,    -1,
     103,   104,    11,    12,    13,    14,    15,    16,    17,    -1,
      -1,    20,    21,    22,    23,    24,    -1,    26,    27,    28,
      29,    30,    31,    -1,    -1,    -1,    -1,    36,    39,    40,
      41,    42,    -1,    -1,    -1,    46,    -1,    48,    -1,    -1,
      -1,    50,    -1,    52,    53,    54,    55,    56,    57,    -1,
      -1,    -1,    -1,    62,    63,    64,    65,    66,    67,    68,
      -1,    -1,    73,    74,    75,    -1,    -1,    76,    -1,    -1,
      -1,    -1,    -1,    -1,    -1,    -1,    -1,    -1,    -1,    88,
      89,    -1,    91,    -1,    -1,    94,    95,    -1,    -1,    -1,
      -1,    -1,   101,    -1,   103,   104,    11,    -1,    13,    14,
      15,    16,    17,    -1,    -1,    20,    21,    22,    23,    24,
      -1,    26,    27,    28,    29,    30,    31,    -1,    -1,    -1,
      -1,    36,    -1,    -1,    -1,    -1,    -1,    -1,    -1,    -1,
      -1,    -1,    -1,    -1,    -1,    50,    -1,    52,    53,    54,
      55,    56,    57,    -1,    -1,    -1,    -1,    62,    63,    64,
      65,    66,    67,    68,    -1,    -1,    -1,    -1,    -1,    -1,
      -1,    76,    -1,    -1,    -1,    -1,    -1,    -1,    -1,    -1,
      -1,    -1,    -1,    88,    89,    -1,    91,    -1,    -1,    94,
      95,    -1,    -1,    -1,    -1,    -1,   101,   102,   103,   104,
      11,    -1,    13,    14,    15,    16,    17,    -1,    -1,    20,
      21,    22,    23,    24,    -1,    26,    27,    28,    29,    30,
      31,    -1,    -1,    -1,    -1,    36,    -1,    -1,    -1,    -1,
      -1,    -1,    -1,    -1,    -1,    -1,    -1,    -1,    -1,    50,
      -1,    52,    53,    54,    55,    56,    57,    -1,    -1,    -1,
      -1,    62,    63,    64,    65,    66,    67,    68,    -1,    -1,
      -1,    -1,    -1,    -1,    -1,    76,    -1,    -1,    -1,    -1,
      -1,    -1,    -1,    -1,    -1,    -1,    -1,    88,    89,    -1,
      91,    -1,    -1,    94,    95,    -1,    -1,    -1,    -1,   100,
     101,    -1,   103,   104,    11,    -1,    13,    14,    15,    16,
      17,    -1,    -1,    20,    21,    22,    23,    24,    -1,    26,
      27,    28,    29,    30,    31,    -1,    -1,    -1,    -1,    36,
      -1,    -1,    -1,    -1,    -1,    -1,    -1,    -1,    -1,    -1,
      -1,    -1,    -1,    50,    -1,    52,    53,    54,    55,    56,
      57,    -1,    -1,    -1,    -1,    62,    63,    64,    65,    66,
      67,    68,    -1,    -1,    -1,    -1,    -1,    -1,    -1,    76,
      -1,    -1,    -1,    -1,    -1,    -1,    -1,    -1,    -1,    -1,
      -1,    88,    89,    -1,    91,    -1,    -1,    94,    95,    -1,
      -1,    -1,    -1,   100,   101,    -1,   103,   104,    11,    -1,
      13,    14,    15,    16,    17,    -1,    -1,    20,    21,    22,
      23,    24,    -1,    26,    27,    28,    29,    30,    31,    -1,
      -1,    -1,    -1,    36,    -1,    -1,    -1,    -1,    -1,    -1,
      -1,    -1,    -1,    -1,    -1,    -1,    -1,    50,    -1,    52,
      53,    54,    55,    56,    57,    -1,    -1,    -1,    -1,    62,
      63,    64,    65,    66,    67,    68,    -1,    -1,    -1,    -1,
      -1,    -1,    -1,    76,    -1,    -1,    -1,    -1,    -1,    -1,
      -1,    -1,    -1,    -1,    -1,    88,    89,    -1,    91,    -1,
      -1,    94,    95,    -1,    -1,    -1,    -1,   100,   101,    -1,
     103,   104,    11,    -1,    13,    14,    15,    16,    17,    -1,
      -1,    20,    21,    22,    23,    24,    -1,    26,    27,    28,
      29,    30,    31,    -1,    -1,    -1,    -1,    36,    -1,    -1,
      -1,    -1,    -1,    -1,    -1,    -1,    -1,    -1,    -1,    -1,
      -1,    50,    -1,    52,    53,    54,    55,    56,    57,    -1,
      -1,    -1,    -1,    62,    63,    64,    65,    66,    67,    68,
      -1,    -1,    -1,    -1,    -1,    -1,    -1,    76,    -1,    -1,
      -1,    -1,    -1,    -1,    -1,    -1,    -1,    -1,    -1,    88,
      89,    -1,    91,    -1,    -1,    94,    95,    -1,    -1,    -1,
      -1,   100,   101,    -1,   103,   104,    11,    -1,    13,    14,
      15,    16,    17,    -1,    -1,    20,    21,    22,    23,    24,
      -1,    26,    27,    28,    29,    30,    31,    -1,    -1,    -1,
      -1,    36,    -1,    -1,    -1,    -1,    -1,    -1,    -1,    -1,
      -1,    -1,    -1,    -1,    -1,    50,    -1,    52,    53,    54,
      55,    56,    57,    -1,    -1,    -1,    -1,    62,    63,    64,
      65,    66,    67,    68,    -1,    -1,    -1,    -1,    -1,    -1,
      -1,    76,    -1,    -1,    -1,    -1,    -1,    -1,    -1,    -1,
      -1,    -1,    -1,    88,    89,    -1,    91,    -1,    -1,    94,
      95,    -1,    -1,    -1,    -1,   100,   101,    -1,   103,   104,
      11,    -1,    13,    14,    15,    16,    17,    -1,    -1,    20,
      21,    22,    23,    24,    -1,    26,    27,    28,    29,    30,
      31,    -1,    -1,    -1,    -1,    36,    -1,    -1,    -1,    -1,
      -1,    -1,    -1,    -1,    -1,    -1,    -1,    -1,    -1,    50,
      -1,    52,    53,    54,    55,    56,    57,    -1,    -1,    -1,
      -1,    62,    63,    64,    65,    66,    67,    68,    -1,    -1,
      -1,    -1,    -1,    -1,    -1,    76,    -1,    -1,    -1,    -1,
      -1,    -1,    -1,    -1,    -1,    -1,    -1,    88,    89,    -1,
      91,    -1,    -1,    94,    95,    -1,    -1,    -1,    -1,   100,
     101,    -1,   103,   104,    11,    -1,    13,    14,    15,    16,
      17,    -1,    -1,    20,    21,    22,    23,    24,    -1,    26,
      27,    28,    29,    30,    31,    -1,    -1,    -1,    -1,    36,
      -1,    -1,    -1,    -1,    -1,    -1,    -1,    -1,    -1,    -1,
      -1,    -1,    -1,    50,    -1,    52,    53,    54,    55,    56,
      57,    -1,    -1,    -1,    -1,    62,    63,    64,    65,    66,
      67,    68,    -1,    -1,    -1,    -1,    -1,    -1,    -1,    76,
      -1,    -1,    -1,    -1,    -1,    -1,    -1,    -1,    -1,    -1,
      -1,    88,    89,    -1,    91,    -1,    -1,    94,    95,    -1,
      -1,    -1,    -1,   100,   101,    -1,   103,   104,    11,    -1,
      13,    14,    15,    16,    17,    -1,    -1,    20,    21,    22,
      23,    24,    -1,    26,    27,    28,    29,    30,    31,    -1,
      -1,    -1,    -1,    36,    -1,    -1,    -1,    -1,    -1,    -1,
      -1,    -1,    -1,    -1,    -1,    -1,    -1,    50,    -1,    52,
      53,    54,    55,    56,    57,    -1,    -1,    -1,    -1,    62,
      63,    64,    65,    66,    67,    68,    -1,    -1,    -1,    -1,
      -1,    -1,    -1,    76,    -1,    -1,    -1,    -1,    -1,    -1,
      -1,    -1,    -1,    -1,    -1,    88,    89,    -1,    91,    -1,
      -1,    94,    95,    -1,    -1,    -1,    -1,    -1,   101,    -1,
     103,   104,    11,    -1,    13,    14,    15,    16,    17,    -1,
      -1,    20,    21,    22,    23,    24,    -1,    26,    27,    28,
      29,    30,    31,    -1,    -1,    -1,    -1,    36,    -1,    -1,
      -1,    -1,    -1,    -1,    -1,    -1,    -1,    -1,    -1,    -1,
      -1,    50,    -1,    52,    53,    54,    55,    56,    57,    -1,
      -1,    -1,    -1,    62,    63,    64,    65,    66,    67,    68,
      -1,    -1,    -1,    -1,    -1,    -1,    -1,    76,    -1,    -1,
      -1,    -1,    -1,    -1,    -1,    -1,    -1,    -1,    -1,    88,
      89,    51,    91,    -1,    -1,    94,    95,    -1,    58,    59,
      60,    61,   101,    -1,   103,   104,    -1,    -1,    -1,    -1,
      -1,    -1,    -1,    -1,    -1,    -1,    -1,    -1,    78,    79,
      80,    81,    82,    83,    84,    85,    86,    87,    -1,    -1,
      -1,    -1,    92,    93,    51,    -1,    96,    97,    98,    99,
      -1,    58,    59,    60,    61,    -1,    -1,    -1,    -1,    -1,
      -1,    -1,    -1,    -1,    -1,    -1,    -1,    -1,    -1,    -1,
      -1,    78,    79,    -1,    81,    82,    83,    84,    85,    86,
      87,    -1,    -1,    -1,    -1,    92,    93,    51,    -1,    96,
      97,    98,    99,    -1,    58,    59,    60,    61,    -1,    -1,
      -1,    -1,    -1,    -1,    -1,    -1,    -1,    -1,    -1,    -1,
      -1,    -1,    -1,    -1,    -1,    79,    -1,    81,    82,    83,
      84,    85,    86,    87,    -1,    -1,    -1,    -1,    92,    93,
      -1,    -1,    96,    97,    98,    99
};

  /* YYSTOS[STATE-NUM] -- The (internal number of the) accessing
     symbol of state STATE-NUM.  */
static const yytype_uint8 yystos[] =
{
       0,     3,     4,     5,     6,     7,     8,   107,   108,   109,
     110,   111,   112,   113,     0,   116,    11,    13,    14,    15,
      16,    17,    20,    21,    22,    23,    24,    26,    27,    28,
      29,    30,    31,    36,    50,    52,    53,    54,    55,    56,
      57,    62,    63,    64,    65,    66,    67,    68,    76,    88,
      89,    91,    94,    95,   101,   103,   104,   156,   157,   158,
     161,   162,   163,   164,   165,   166,   168,   171,   179,   180,
     181,   184,   185,   186,   187,   188,   189,     9,   114,     1,
      32,    34,    35,    37,    38,    39,    40,    41,    42,    46,
      47,    48,    49,   102,   114,   123,   136,   156,    33,   121,
     122,   123,   119,   119,    12,   156,   166,   166,    20,    25,
     114,   180,   190,   190,   190,   190,   190,   167,    11,   101,
     166,   147,   147,   166,   101,   101,   101,   114,   166,    20,
     157,   170,   180,   190,   190,   114,   166,   102,   156,    20,
      25,   149,   166,    15,    91,   101,   169,   180,   181,   182,
     183,   184,   166,   157,   166,   166,   166,   166,   166,   100,
     156,   190,   190,    73,    74,    75,    77,     9,    11,   101,
      51,    58,    59,    60,    61,    78,    79,    81,    82,    83,
      84,    85,    86,    87,    92,    93,    96,    97,    98,    99,
     101,     9,    11,     9,    11,     9,    11,     9,   116,   148,
     149,    20,   146,   101,   101,   101,   101,    67,    91,   101,
     116,   178,   180,   101,   101,   114,    45,   138,   102,    39,
      40,    41,    42,    46,    48,   122,   123,   121,    12,   170,
     101,   101,   156,   100,   114,    23,   116,   150,   100,   100,
     156,   171,   190,   157,    10,   102,   170,    25,    15,   101,
     166,   169,   180,   181,   184,   100,   156,    69,   152,    78,
     152,    11,   100,   156,   156,   156,   166,   156,   156,   100,
     156,   166,   166,   166,   166,   166,   166,   166,   166,   166,
     166,   166,   166,   166,   166,   166,     9,    11,    15,    16,
      17,    21,    62,   101,   103,   104,   160,   180,   100,   156,
     156,   156,   156,   156,   156,   156,   156,   119,    20,   145,
     146,    20,   126,   116,   116,   116,   116,    91,   116,    67,
     176,   177,   179,   180,   181,   184,   116,    26,   116,    26,
     101,   173,   116,   116,   114,   156,   142,   156,   156,   156,
     156,   156,   171,   157,    12,   159,   101,   153,    69,   151,
     100,   100,   156,    10,    11,    25,   100,   156,   152,   100,
      23,   101,    78,   156,    11,   102,    12,   100,    80,   156,
     156,   104,   104,   104,   104,   100,   156,   104,   104,   101,
     100,   102,    12,   102,    12,   102,    12,   102,    10,    18,
     115,   124,   125,     9,   102,    20,   141,   156,   142,   143,
     156,   143,   175,   180,   101,   136,   140,   143,   144,   156,
     132,   176,   174,   116,   143,   143,   100,   105,   172,   170,
     154,   151,    23,   114,   100,    12,    23,    11,   100,   157,
     101,    12,   156,    10,   166,   102,    12,   100,   171,    10,
      10,    10,    10,   116,   150,   116,   116,    20,   100,   100,
     100,   100,   173,   116,   100,   102,     9,   117,   131,   101,
     143,   100,   100,   156,   100,   100,     9,    12,   100,   157,
      12,    10,   100,   102,   151,   153,   133,   170,   139,   139,
     117,   117,   143,   143,   117,   127,   118,   138,   101,   100,
     117,   117,   119,   100,    71,   102,   114,   155,   151,   119,
     102,   117,   117,    43,    44,   137,   137,   100,   100,   138,
     141,   119,   143,   130,    10,   120,     9,    10,   138,   138,
     117,   101,   129,   117,   102,    10,   100,   117,    23,   102,
     134,   119,   143,   117,   138,   128,   117,   138,    70,   135,
      19,    10,   100,   138,   139,   138,   119,   117,   144,    71,
     137,   100,   117
};

  /* YYR1[YYN] -- Symbol number of symbol that rule YYN derives.  */
static const yytype_uint8 yyr1[] =
{
       0,   106,   108,   107,   109,   107,   110,   107,   111,   107,
     112,   107,   113,   107,   114,   115,   116,   117,   118,   119,
     119,   120,   120,   121,   121,   122,   122,   123,   123,   124,
     123,   125,   123,   123,   126,   123,   123,   123,   123,   123,
     123,   123,   123,   127,   128,   123,   129,   123,   130,   123,
     131,   123,   123,   123,   132,   123,   123,   133,   123,   123,
     123,   134,   135,   135,   136,   136,   136,   136,   136,   136,
     136,   136,   137,   137,   137,   138,   138,   139,   140,   140,
     141,   141,   142,   143,   144,   145,   145,   146,   147,   148,
     149,   149,   150,   150,   151,   151,   151,   152,   152,   154,
     153,   155,   155,   156,   156,   156,   156,   157,   157,   157,
     158,   158,   158,   158,   158,   158,   158,   158,   159,   158,
     160,   160,   161,   161,   161,   161,   161,   161,   161,   161,
     161,   161,   161,   161,   161,   161,   162,   162,   162,   162,
     162,   162,   162,   162,   162,   162,   162,   162,   162,   162,
     163,   163,   163,   163,   163,   163,   163,   163,   163,   163,
     164,   164,   164,   164,   164,   164,   165,   165,   166,   166,
     166,   166,   166,   166,   166,   166,   166,   166,   166,   166,
     166,   166,   166,   166,   166,   166,   166,   166,   166,   166,
     166,   166,   166,   166,   166,   166,   166,   166,   166,   166,
     166,   166,   166,   166,   166,   166,   166,   166,   166,   166,
     166,   166,   166,   166,   166,   166,   166,   167,   166,   166,
     166,   166,   166,   168,   168,   168,   168,   168,   169,   169,
     169,   169,   169,   169,   170,   170,   171,   171,   172,   172,
     173,   174,   173,   175,   176,   176,   176,   177,   177,   178,
     178,   179,   180,   181,   182,   183,   184,   185,   185,   186,
     187,   187,   188,   188,   189,   189,   190,   190,   190,   190
};

  /* YYR2[YYN] -- Number of symbols on the right hand side of rule YYN.  */
static const yytype_uint8 yyr2[] =
{
       0,     2,     0,     4,     0,     3,     0,     3,     0,     3,
       0,     3,     0,     3,     4,     7,     0,     4,     0,     0,
       2,     0,     2,     1,     1,     2,     2,     1,     4,     0,
       7,     0,    10,     4,     0,     7,     7,     7,     6,     6,
       2,     8,     8,     0,     0,    13,     0,    10,     0,     9,
       0,    10,     9,     7,     0,     6,     2,     0,     8,     2,
       1,     2,     0,     3,     1,     1,     3,     3,     3,     3,
       3,     3,     0,     2,     6,     0,     2,     0,     0,     1,
       0,     1,     1,     1,     1,     1,     0,     0,     0,     0,
       1,     1,     0,     1,     0,     2,     1,     2,     1,     0,
       3,     1,     1,     3,     3,     3,     1,     2,     3,     1,
       3,     5,     6,     3,     3,     5,     2,     4,     0,     5,
       1,     1,     5,     4,     5,     4,     5,     6,     5,     4,
       5,     4,     3,     6,     4,     5,     3,     3,     3,     3,
       3,     3,     3,     3,     3,     3,     3,     3,     3,     3,
       2,     2,     2,     2,     2,     2,     2,     2,     2,     2,
       3,     2,     4,     3,     5,     8,     2,     2,     1,     1,
       1,     1,     5,     2,     3,     1,     2,     3,     1,     2,
       1,     1,     1,     1,     1,     1,     4,     4,     5,     5,
       1,     1,     3,     4,     3,     4,     4,     4,     4,     4,
       1,     2,     2,     1,     2,     2,     1,     2,     1,     2,
       1,     3,     1,     3,     1,     3,     4,     0,     6,     1,
       1,     1,     1,     3,     2,     4,     7,     6,     3,     2,
       1,     1,     1,     1,     0,     1,     0,     1,     0,     2,
       1,     0,     3,     1,     1,     1,     1,     1,     1,     2,
       2,     2,     2,     2,     5,     4,     2,     2,     4,     2,
       1,     3,     1,     3,     1,     3,     1,     1,     1,     1
};

typedef enum {
	toketype_ival, toketype_opval, toketype_pval
} toketypes;

/* type of each token/terminal */
static const toketypes yy_type_tab[] =
{
  toketype_ival, toketype_ival, toketype_ival, toketype_ival, toketype_ival, toketype_ival,
  toketype_ival, toketype_ival, toketype_ival, toketype_ival, toketype_ival, toketype_ival,
  toketype_ival, toketype_ival, toketype_ival, toketype_ival, toketype_ival, toketype_ival, toketype_ival, toketype_ival, toketype_opval,
  toketype_opval, toketype_opval, toketype_opval, toketype_opval, toketype_opval, toketype_opval,
  toketype_opval, toketype_opval, toketype_opval, toketype_opval, toketype_opval, toketype_opval,
  toketype_pval, toketype_ival, toketype_ival, toketype_ival, toketype_ival, toketype_ival, toketype_ival, toketype_ival,
  toketype_ival, toketype_ival, toketype_ival, toketype_ival, toketype_ival, toketype_ival, toketype_ival, toketype_ival,
  toketype_ival, toketype_ival, toketype_ival, toketype_ival, toketype_ival, toketype_ival, toketype_ival,
  toketype_ival, toketype_ival, toketype_ival, toketype_ival, toketype_ival, toketype_ival, toketype_ival, toketype_ival,
  toketype_ival, toketype_ival, toketype_ival, toketype_ival, toketype_ival, toketype_ival,
  toketype_ival, toketype_ival, toketype_ival, toketype_ival, toketype_ival, toketype_ival,
  toketype_ival, toketype_ival, toketype_ival, toketype_ival, toketype_ival, toketype_ival, toketype_ival, toketype_ival,
  toketype_ival, toketype_ival, toketype_ival, toketype_ival, toketype_ival, toketype_ival, toketype_ival,
  toketype_ival, toketype_ival, toketype_ival, toketype_ival, toketype_ival, toketype_ival, toketype_ival,
  toketype_ival, toketype_ival, toketype_ival, toketype_ival, toketype_ival, toketype_ival, toketype_ival, toketype_ival, toketype_ival,
  toketype_ival, toketype_ival, toketype_ival, toketype_ival, toketype_ival, toketype_ival, toketype_ival, toketype_opval,
  toketype_opval, toketype_ival, toketype_opval, toketype_ival, toketype_opval, toketype_opval,
  toketype_opval, toketype_opval, toketype_opval, toketype_ival, toketype_ival, toketype_ival, toketype_ival,
  toketype_ival, toketype_ival, toketype_ival, toketype_ival, toketype_ival, toketype_ival, toketype_opval, toketype_opval,
  toketype_opval, toketype_opval, toketype_opval, toketype_ival, toketype_opval, toketype_opval, toketype_opval, toketype_opval,
  toketype_opval, toketype_opval, toketype_ival, toketype_ival, toketype_ival,
  toketype_opval, toketype_opval, toketype_opval, toketype_opval, toketype_opval, toketype_ival,
  toketype_opval, toketype_opval, toketype_opval, toketype_opval, toketype_ival, toketype_opval,
  toketype_opval, toketype_opval, toketype_opval, toketype_opval, toketype_opval, toketype_opval,
  toketype_ival, toketype_opval, toketype_opval, toketype_opval, toketype_opval, toketype_opval,
  toketype_ival, toketype_ival, toketype_opval, toketype_opval, toketype_opval, toketype_ival,
  toketype_opval, toketype_opval, toketype_opval, toketype_opval, toketype_opval, toketype_opval,
  toketype_opval, toketype_opval, toketype_opval, toketype_opval, toketype_opval, toketype_opval
};

/* Generated from:
 * db73454b178d1957a0ac50dced79c690058a729de3b300a0a5ec603d71cd5fe2 perly.y
 * d75acf04e5e050e9d0de13999b5b46a13f176dcf9f75c07acf51e913fc41db9a regen_perly.pl
 * ex: set ro: */
